0.0
2.5
1.9000000000000001
2.9000000000000004
1.1
1.5
1.3
2.2
1.3
1.1
1.5
2.8000000000000003
2.1
1.3
1.8
1.5
1.3
1.0
3.0
2.3000000000000003
1.2000000000000002
1.0
1.6
1.5
3.2
1.4000000000000001
2.2
1.2000000000000002
3.3000000000000003
3.4000000000000004
3.0
2.5
1.6
1.6
3.8000000000000003
3.0
3.7
1.6
2.2
1.6
1.2000000000000002
2.8000000000000003
2.8000000000000003
1.1
1.8
1.3
3.2
1.1
1.8
1.9000000000000001
2.6
1.4000000000000001
1.7000000000000002
1.7000000000000002
3.0
3.2
1.4000000000000001
1.3
1.1
1.1
1.9000000000000001
1.2000000000000002
1.0
1.8
1.9000000000000001
2.9000000000000004
2.3000000000000003
1.0
1.8
1.1
1.0
1.1
1.1
1.2000000000000002
1.0
2.6
1.3
1.4000000000000001
1.3
1.5
2.2
1.3
2.3000000000000003
1.1
1.4000000000000001
2.8000000000000003
1.3
1.3
1.3
2.2
1.1
1.1
2.3000000000000003
1.5
1.0
1.8
1.4000000000000001
1.9000000000000001
2.3000000000000003
1.2000000000000002
