0.0
1.8
1.2000000000000002
1.4000000000000001
1.1
1.1
3.4000000000000004
2.1
1.6
3.3000000000000003
1.7000000000000002
1.0
1.2000000000000002
1.5
2.9000000000000004
3.4000000000000004
1.9000000000000001
1.2000000000000002
1.5
2.0
3.1
1.3
1.9000000000000001
2.0
1.0
2.5
1.2000000000000002
1.6
1.6
1.3
1.4000000000000001
1.8
2.5
3.2
1.3
2.5
3.8000000000000003
1.6
1.2000000000000002
2.3000000000000003
3.0
1.4000000000000001
1.6
1.9000000000000001
1.5
1.2000000000000002
3.7
1.4000000000000001
1.2000000000000002
2.1
3.4000000000000004
1.1
1.3
1.1
2.5
1.7000000000000002
3.7
1.7000000000000002
1.3
1.2000000000000002
1.0
1.1
2.5
1.2000000000000002
1.8
1.2000000000000002
1.4000000000000001
1.2000000000000002
2.9000000000000004
2.7
1.4000000000000001
2.2
1.3
1.2000000000000002
2.3000000000000003
1.1
1.4000000000000001
1.5
1.2000000000000002
1.6
1.9000000000000001
2.9000000000000004
2.4000000000000004
1.8
3.7
3.0
2.4000000000000004
1.2000000000000002
1.5
1.4000000000000001
3.1
1.1
2.3000000000000003
1.8
1.4000000000000001
1.7000000000000002
1.4000000000000001
1.2000000000000002
2.3000000000000003
1.7000000000000002
