0.0
1.4000000000000001
1.4000000000000001
2.7
1.5
1.6
1.2000000000000002
1.7000000000000002
2.4000000000000004
2.0
1.4000000000000001
2.1
2.2
1.8
1.6
1.1
3.3000000000000003
3.3000000000000003
1.6
1.2000000000000002
1.8
3.3000000000000003
1.1
1.3
1.0
1.3
1.5
1.7000000000000002
1.0
3.0
2.1
2.5
1.3
1.1
1.3
1.3
1.2000000000000002
2.4000000000000004
3.3000000000000003
2.5
1.1
1.6
1.5
2.0
1.1
2.1
2.3000000000000003
1.2000000000000002
1.4000000000000001
3.4000000000000004
1.2000000000000002
1.8
3.3000000000000003
3.3000000000000003
1.6
1.1
1.6
1.3
1.5
2.8000000000000003
1.2000000000000002
1.1
1.4000000000000001
1.4000000000000001
2.1
2.7
1.5
1.9000000000000001
3.8000000000000003
1.1
1.7000000000000002
1.0
3.7
1.4000000000000001
2.1
1.0
1.4000000000000001
1.3
1.1
1.5
1.4000000000000001
1.2000000000000002
1.9000000000000001
2.4000000000000004
1.5
1.5
2.1
1.2000000000000002
1.5
1.1
2.6
2.7
1.3
1.7000000000000002
1.5
2.3000000000000003
1.7000000000000002
1.0
1.5
3.9000000000000004
